 
1 1 20 59
q
22 1 28 59
w
51 1 37 59
e
89 1 28 59
r
118 1 31 59
t
150 1 29 59
y
180 1 43 59
u
224 1 38 59
i
263 1 30 59
o
294 1 32 59
p
327 1 37 59
a
365 1 32 59
s
398 1 28 59
d
427 1 32 59
f
460 1 27 59
g
1 61 38 59
h
40 61 40 59
j
81 61 24 59
k
106 61 37 59
l
144 61 31 59
z
176 61 34 59
x
211 61 37 59
c
249 61 30 59
v
280 61 37 59
b
318 61 31 59
n
350 61 40 59
m
391 61 40 59
Q
432 61 28 59
W
461 61 35 59
E
1 121 35 59
R
37 121 38 59
T
76 121 32 59
Y
109 121 35 59
U
145 121 35 59
I
181 121 29 59
O
211 121 28 59
P
240 121 32 59
A
273 121 35 59
S
309 121 29 59
D
339 121 33 59
F
373 121 35 59
G
409 121 29 59
H
439 121 43 59
J
1 181 31 59
K
33 181 35 59
L
69 181 31 59
Z
101 181 35 59
X
137 181 37 59
C
175 181 28 59
V
204 181 34 59
B
239 181 39 59
N
279 181 40 59
M
320 181 40 59
1
361 181 29 59
2
391 181 35 59
3
427 181 21 59
4
449 181 23 59
5
473 181 21 59
6
1 241 25 59
7
27 241 24 59
8
52 241 30 59
9
83 241 23 59
0
107 241 28 59
-
136 241 34 59
=
171 241 28 59
+
200 241 19 59
_
220 241 38 59
!
259 241 20 59
?
280 241 24 59
<
305 241 20 59
>
326 241 20 59
,
347 241 14 59
.
362 241 18 59
;
381 241 12 59
:
394 241 13 59
"
408 241 25 59
'
434 241 17 59
@
452 241 20 59
£
473 241 20 59
$
1 301 20 59
%
22 301 24 59
^
47 301 24 59
&
72 301 35 59
*
108 301 21 59
(
130 301 19 59
)
150 301 13 59
[
164 301 20 59
]
185 301 20 59
{
206 301 20 59
}
227 301 20 59
|
248 301 20 59
\
269 301 20 59
~
290 301 20 59
/
311 301 21 59
